models_data/soil_fertility_nlm.asc
NCOLS 15 
NROWS 15 
XLLCORNER 4376461.4080843
YLLCORNER 5553063.2189224
CELLSIZE 37.5
NODATA_VALUE -2
0.692267494771315 0.913740090686824 0.689472941445911 0.794141250040571 0.663416212958109 0.578540302511669 0.73992470766759 0.863382726689338 0.812973028093695 0.628161042463342 0.649950766471473 0.495023775222632 0.538887059244822 0.555519087885366 0.451474677281021
0.534907271395396 0.762836370687827 0.46364387753907 0.577292722641276 0.675590216847707 0.406953725845096 0.606011649318939 0.707170573059445 0.554578346722894 0.379816152552328 0.476732085719559 0.440470609787759 0.383879538254678 0.29380363106292 0.582473670002028
0.329210479466924 0.281060086750551 0.572727901553832 0.659507333122187 0.510262866599065 0.561561681088883 0.602473942519649 0.51378895385683 0.389210283935765 0.289175385825373 0.340211790111906 0.298911218944518 0.380461349796727 0.357895778437626 0.374246788192854
0.357334149770728 0.372447458459759 0.29595216604858 0.283809178470663 0.442482646757838 0.564051837824485 0.40920371643753 0.263540216341987 0.188249801357143 0.0100734608179999 0 0.441148598281896 0.241866504422521 0.438089421658606 0.198785532288564
0.274439941026153 0.451213251888666 0.37554430712039 0.475408580286523 0.424786347169288 0.507380598726197 0.419656509655299 0.278248448227089 0.300530366622551 0.138541658319038 0.261699802354281 0.0953213116246523 0.173785769134679 0.377184870232671 0.260872061644829
0.398599711154305 0.503661730774308 0.417818902174945 0.601018296037275 0.643817719474082 0.585555649019842 0.444956455648024 0.580461709711322 0.169986320110224 0.200726037209256 0.238182777829686 0.302407546451104 0.232674227314428 0.348600851481427 0.403336541169552
0.56412097879689 0.387478468631887 0.492169066452898 0.77827358725609 0.609903389898857 0.612589648914385 0.587133964244539 0.405325480503956 0.396765792298576 0.423649377504631 0.392313976471856 0.401126034414607 0.395346064482346 0.527549707753893 0.352241070355828
0.609048647013824 0.308697809398048 0.705054850975504 0.742546454978167 0.706112964967534 0.766529559482629 0.626313738249576 0.605300581483084 0.356448315799857 0.458932087608544 0.367847558757691 0.375025588640413 0.321188891674701 0.422103643162963 0.468225101251757
0.591867513922 0.596678651667223 0.814633032186866 0.742563022187769 0.696438872451752 0.941996352177201 0.727388945607253 0.603829338739034 0.399353479090727 0.54299034388058 0.478221668897427 0.354871096160437 0.340564138346849 0.524686001922567 0.289484977710238
0.731258534630381 0.666879499683915 0.703223366812431 0.585431354035931 0.657822196088094 0.748656604649678 0.5587105044294 0.540436218064702 0.423633852158481 0.529342471503558 0.442696870414737 0.645883123911996 0.382710854635911 0.416034512815841 0.199781718971639
0.6135343569186 0.745827247847576 0.898187934638304 0.817172984318229 0.589707021236885 0.55573704117517 0.253317634084838 0.483334288596036 0.314859164785817 0.42875137303808 0.329099572990774 0.685856811852248 0.444290253689439 0.320457275615017 0.232395751281474
0.755810823231818 0.797115391156429 1 0.883171007767458 0.686434706148514 0.414647926309753 0.363627476883821 0.415943071010497 0.107805482593163 0.247341447257069 0.231647421486807 0.322357878900467 0.271961272474443 0.167785129119128 0.211559101290875
0.705939367296575 0.879064759553453 0.766054600163552 0.708053714978557 0.732033740891699 0.482461344358312 0.38209841505931 0.435489300097048 0.253488938575057 0.194844917449413 0.388570877059331 0.401355953791467 0.195783591719864 0.248523928209827 0.242184671735623
0.860149057136991 0.808316529455058 0.73223275593773 0.707511117906192 0.632538554634482 0.609505685470046 0.441573120779263 0.331378604400743 0.259557343036662 0.189445463855375 0.146656017342265 0.29501926065358 0.307077972098372 0.127876276788725 0.230431053151704
0.906300555078869 0.8542719967834 0.81308374548078 0.822998595906824 0.497696352444465 0.490036082210909 0.41578805085992 0.23558226128745 0.264647669860428 0.242254072282785 0.174030679751524 0.334743562976865 0.3487342631822 0.31882381688819 0.409942149999571
